1.038 0 0
4.147 0 0
5.53 0 0
8.295 0 0
9.288 0 0
12.034 0 0
13.047 0 0
15.014 0 0
17.039 0 0
18.52 0 0
19.045 0 0
21.051 0 0
25.55 0 0
26.043 0 0
26.556 0 0
27.103 0 0
28.303 0 0
28.924 0 0
30.875 0 0
32.539 0 0
33.549 0 0
34.543 0 0
35.072 0 0
35.95 0 0
37.042 0 0
38.806 0 0
40.552 0 0
41.057 0 0
42.053 0 0
43.054 0 0
45.057 0 0
46.845 0 0
47.541 0 0
48.046 0 0
48.554 0 0
49.064 0 0
51.067 0 0
51.895 0 0
53.07 0 0
54.293 0 0
55.675 0 0
57.041 0 0
58.547 0 0
61.047 0 0
62.545 0 0
65.294 0 0
66.172 0 0
66.545 0 0
69.061 0 0
69.831 0 0
71.536 0 0
74.16 0 0
74.549 0 0
75.054 0 0
75.551 0 0
75.907 0 0
76.304 0 0
77.049 0 0
78.101 0 0
78.68 0 0
79.061 0 0
79.913 0 0
80.303 0 0
81.681 0 0
82.55 0 0
83.055 0 0
83.916 0 0
84.321 0 0
85.058 0 0