1.557
4.553999979
6.537999947
8.570999939
10.56300004
12.55499991
14.53700002
16.52000006
17.51199992
18.55600007
19.54700001
20.55499991
22.54700001
24.5319999
25.54700001
27.52899988
29.51600011
31.51600011
32.50799998
33.51600011
34.50799998
35.54000004
36.5319999
37.52400001
38.07699998
39.0720001
39.98100002
41.00400003
41.55900009
42.55900009
43.0089999
44.47599991
45.47599991
46.47599991
47.02799996
47.94899996
48.9570001
50.06200011
50.98100002
51.99700006
53.00499995
53.99700006
54.99000009
55.54600008
56.54600008
57.02000006
58.56699999
59.02099999
60.02099999
61.02099999
62.01400002
63.00700005
63.99899991
64.99199994
65.98499997
66.99700006
67.80600007
68.57799991
69.04600008
69.82099994
70.49100002
71.42200001
72.46199997
73.56699999
74.45599993
75.44899996
76.04499992
77.03799995
78.03799995
79.03099998
79.73400005
80.50700005
81.06000002
81.5419999
82.47000011
83.02199991
83.73400005
84.28600009
